  
    
     
  
   
   
   
   
    
    
      

INDEX.

'ceteria 3 68 nocentem 6646 notet 9 142 Numa 1 12 138
⁴ ¹‘10‘11 1615 143 nocentes ¹3 101 notio 9 25 Numae 6 34218 156
'dore 5 162 nocentibus 13 234 notique 7 3 Numantmos 8 11
'dos ¹4 80 nocet 10 3241 14153 notiffima 2 10110 23 1111111003 191 10 3651
'gra 3 30113451 nocitura 10 8 bis notiffimus 6 42 155 13 37 102 1 14 97
: ι’14 294 noete 2 161 1 3 205 notos 11 153 315
'm ablat. ιο 245 127 198 275 1 6 11010111 2 58 13 174 1110111012 9 41
‘grae 7 192 203 418 419 474 10 353 numerante 6 381.
’31211116 11 53017 6118 149111ον2132 14512120111011101210 1 16
§gras 2 150 9 761 10 20 2351 3 26 numeras 6 168
'gri 5 53113 245 11 112185113198 nova, ablat. 11 85 numerata 14133
'gro 6 36917 2271 217 1 14 146 190 novalia 14148 numerentur 9 42
15 49 2961 15 43 novas ¹4 95 numeres 8 131
'groque 6 164 nostem 3 27915 54 noverat 4 136 numeret 5 4¹
'gros 1 72 nol-{esque 4 134 novercae 640217 234 numeris 6 575
'grum 6 120 noffibus 1 3816 301 0017010211 12 71 numero 6 3841 13 26
‘ 51¹3⁹⁰23⁶ ³4² 1, ῃοέιῖῗς 26817 111 2ξὲξῖἰῖῃῖ 6²³3¹36 2383125572131 {10
iliacae 1 26 1106111 6 35 604 1 14 novi 5 6 105
110 15 123 306 novimus 2 52 numerum 9 90
{loque 10 149 , 1102111112 8 233 novis 2 102 numerus 2 46 ι6 2281
ilum 6 83 n0&u1nae 3 12 novisse 5 75 7 1c2

'mbis 1 81 n0<9m1n08 6 118 noviffima 6 355 Numidarum 7 182
1111105 79 1108101003 8 144 noviffimus 11 42 Numidas 4 100
1 ''mbos-7 163 nocuit (4 1541 13 227 110νί13 773 6401 111 11011110εὸ5671 141821
mboso 4 87 nodos 8 50 143 15 11 36
nia 12 97 nodosam 8 247 novitius 3265 numme 13 231
firmia, ablat. 1012115 nodus 5 165 Novium 12 111 numinibus 10111 3471
77 nolentem 9 113 novo 6 1 13 48
· 'miaeque 11 194 nolenti 5 123 novorum 7 189 numiuis3 138163411
''imias 10 105 nolet 6 212 novum 10 250 13 202 219
’ 111110 10 252 noli 1 12616 377 novus 8 237 Numitor 7 7418 93
-irnios 10 104 1 11 nolis 5 54 nubat 6 590 1100111115136113 1311
127 113 11 nolit 5 24 nube 261112 19 14139 260 ,
'mirum 2 10417 781 nollet 6 2531 13 187 nubemque 13 167 nummis 1 48 1 11 19
10 248 114 54 n0'20 8 275 nubentibus 2 137 nummorum 1 114 13
iobe 6 177 noluerim 8 75 nubere 10 330 338 143 13 101
item 12 91 1101001 10 96 nubes 13 42. Ι 14 57 nummos6645 17 1401
11011112 12 88 ’ nomen 1 153 ·' 5 461 292 8 130110 319113
{tet 7181115 4 7 9110 23418 36 11011111312118 25 94116 40
midas 14 60 273 211 22112 72 [nubit 2 134 nummus 6 363
·itidi 3 157 13 30 nucem 11 119 nunquamne 1 1
ἰῑίάἦςυε 11 176 nomina 5 1271 6 6031 nuces 5 144 , nunquid 2 511 11 56
itidrs 14 2 8132 2551 10 219 nuda 3 216 1 6 1220001101 10 216
{tides 6 8 234. 490 52417 35 1151101101 1 11112 2914
11013 1801913 001010019818 31 54 91812019 22112
iveam 12 3 nominis 6 3841 8 241111οἀ2 1 23 65 1611527
iveique 7 221 13 248 nudam 11 106 nupfit 6140
ivemque 10 152 nona 13 28 nudas 1 84 11ορ1221201682268.
¹ iveos 10 45 norint 3 46 1101116231 1 15 308 nuptae 11 201
iveus 5 70 noscenda 11 35 nudis 1 4316 588 605 nuptam 3 45
·0bile 11 95 nosse 13 159 nudisque 6490 Nurscia 10 74
obruor 6 175 neta‚part.1 716313111οἀ0 4 4917 16 [unarum 14 220

·obi1is 6 8117 1911 10 341 114 248 43 96 nurus 1 77

8 41 49 60 199 nota, ablat. 1 123 nudum 321018 205 {nusquam 3 12515 81
⁷ 253115113 notae 6 306 9 35111 170 8152
nbilitas 8 20 139 notaeque 3 35 nudus 2 7¹ 14 100 1511012111 3 256
Ι,1111111110 1 34 1’4 97 notabilis 6 378 163 nutantem 15 156

nobilium 7 91 1101211 15 45 nugas 11 169 nutantia 2 125
8000113 6 619 1 1 33 notemus 16 33 nugis 4 150 nutare 6410 .
nutrrcem

